0.00384684198308327 0.0188402050251577 -0.100117093386124 0.125162592175941 0.0190991103325836 0.00393218777086223 -0.083178525735925 -0.16202017225857 0.0198219548397763 0.0805618969403549 
-0.064214803861598 0.165607509957871 0.125775834299833 -0.013588444035073 0.0472418174684488 0.038337319558116 0.0811771673140425 0.0665009801975476 0.122842794927027 0.00057996176286689 
0.0782143607018704 0.131136224418962 -0.186511253293449 0.0366992493085753 -0.288306499292728 -0.0338104644783583 0.0811016515882759 -0.0558326971007288 -0.0560362119287675 0.119932422386266 
0.134438592252075 -0.032237283268774 -0.101707107378814 0.029408767612969 -0.0472390134987694 -0.0518426857918735 -0.163926668946139 -0.0561634932933957 -0.117414427128756 -0.11248325474824 
-0.0126334552950261 -0.0796528600159648 -0.00626253996991269 -0.212611236954029 0.0739941264342192 0.00665273347596612 0.0454188027948865 -0.0813343323867424 0.143646322979311 0.0476774175264788 
0.0276858485669853 0.0373717637575004 -0.0308744307672082 -0.066318861315517 0.13537222883892 -0.0668575884982924 0.126613089923403 0.0524358453509179 -0.0542245744790645 -0.00296398270604425 
-0.117682124063561 0.117203259357143 -0.222977836157471 -0.0705446202757536 -0.118554246790537 0.101225831676635 0.0819715037126859 0.0314483894304328 0.0944596746162249 -0.0333983959143134 
0.0296269092896813 -0.0436016274054054 -0.0682974968229764 0.100426872733536 0.0952161550047555 -0.000139737901269396 0.142411740668977 0.0968872487850711 -0.112121700888172 -0.0374132270515498 
0.0955751607192884 -0.240463584764902 -0.036407224217882 -0.0358829341130197 -0.0164450361055107 0.0578370602254506 0.0637754175683408 -0.0810135930401714 0.0782982465921943 -0.0733656427272087 
0.00132378730946623 0.0179841588424091 0.00712750843308158 -0.175931299248992 0.0375572655008692 0.0377885252397651 -0.0543495734473963 -0.0330700835870167 -0.00471441889072427 -0.0113787038918932 
-0.00956336896251938 -0.020835340681755 -0.196861818130955 -0.188144931002787 0.192121650625768 -0.26222346838074 -0.000539090325304049 0.30387437369955 0.106215232269803 -0.0381296524268109 
0.0411143312636267 -0.0452916027016729 0.112448642604936 0.00728384607193141 -0.0895114088759936 -0.0130220173116768 -0.109867790706911 0.00798363192004526 0.195134186681327 0.0403279600109246 
0.0840183960579529 0.0123416639227951 0.112624419952154 0.0652001218363582 -0.065277756704338 -0.0408429006702254 0.126249633040542 -0.0700737340885762 -0.0143026092324801 -0.0599773725682521 
-0.0688270300550843 -0.0190277072879544 -0.0414883466527724 -0.00598813664678979 -0.113082991820421 0.0670802957690551 0.0549830827835638 0.0297310376393987 0.159927726975054 -0.104788088464567 
-0.060842721191468 -0.126653826619919 -0.084758249006851 0.0873655390860482 -0.10319145999111 0.0395169767568317 -0.0497198996125686 -0.142556247385722 0.041655181221522 0.202253004601005 
0.0927844895546686 -0.0563607874815614 -0.0046987560005024 -0.0688684598475119 0.185845380705196 0.053458664206717 -0.0720320949835354 -0.201011877443971 -0.0279570340084282 0.0673015460980839 
-0.00820476835765468 0.046044351264578 -0.0897230421331124 0.0198190404005777 -0.0259843289578147 0.00353399864554065 -0.10885289261567 0.0235219515407921 0.095324961389409 0.0761281696845639 
-0.126076899741626 0.0911513210785043 -0.0113335103918777 -0.0684405679190966 -0.141777411405759 0.175453473568373 0.035692603824353 -0.143269456897827 0.000442667573884694 0.0387158801572208 
-0.040165853478574 -0.173685450949334 0.123936328554068 0.0260411302068274 0.0554136321963798 0.104741252676022 -0.074126167762153 0.0473968218907388 -0.0943823352754818 -0.0679721757402319 
0.00208006948962116 0.202830996078912 0.0657107203887575 -0.138303015626708 -0.107645133714825 -0.0257887519893803 0.0665412545202019 -0.0593629590640071 -0.00405287404799419 -0.0230786565246445 
0.0669948739026758 -0.126711957925217 -0.0657005067206551 -0.154329038745823 0.0406638766977173 -0.0503049873158837 0.115317763518175 -0.0527711336753594 -0.137538564524752 -0.0101438918755945 
0.025488524357154 0.0799388350912452 0.0505997035828272 0.0194288206749661 0.0779483081282977 0.00673915094081981 0.00617430063015129 -0.0224937737254851 -0.0985101934988206 -0.0799600835516434 
-0.0701933358878336 0.00244585890267974 0.0112953906343039 -0.0144270444347831 -0.0971187994691133 -0.0198098894813973 -0.0248979434122208 0.125128218155796 0.0731498940183287 -0.0745042201493674 
0.0769374531439562 0.165538329209583 -0.142785894205069 0.00974261810612872 -0.150923844239753 -0.198579903065974 0.130357639653529 -0.0739754519212752 -0.174815732092558 0.0244648144593779 
0.0130378962241118 0.0747171776667534 0.066895586928469 -0.070760001717387 0.0844160223079635 -0.142648891503755 -0.0405965231851953 -0.0152637014095985 -0.070358471525126 0.0458674559278387 
-0.0183514584174173 0.0617099694452031 0.0915198823321116 0.0701397351831254 0.0576703542854563 -0.100542128441068 0.0395069385661069 0.0410251203663097 -0.103198095732955 0.0545953927572482 
0.10132079461702 0.248317119391486 0.0285541590141446 -0.103000447014127 0.227422861446842 -0.000361790798016615 -0.155236746889733 -0.0449114016691551 0.0702437437649003 -0.0901662884687157 
0.0478913264085074 0.0308763397785969 -0.0779809394892313 0.0259512474202171 0.0229482103880681 -0.0318932728455712 0.0596852986068681 -0.0150611825729363 0.0679082620895844 0.154275907827589 
-0.0524470651131076 0.0835643607268919 0.00490207983885805 
0.0303922057106307 -0.125388860651515 0.0278859305692689 
-0.0380396890003828 0.0235357669291536 -0.156285268350046 
-0.0516353941912719 -0.033154404918624 -0.0842539963222849 
-0.117766856144947 -0.0400028119439187 0.147229870998391 
0.278891077623781 -0.232801487948061 -0.155224618422052 
0.189734158391387 -0.0448587186507365 -0.0873811860888943 
-0.0555345448177219 0.0265540978572803 0.0225805584527924 
-0.0544995755581408 -0.0994603961670276 -0.00836914408810027 
0.153866187937997 -0.0352839888401815 -0.190975310908789 
