-0.122540955907847 0.0197738365451476 -0.175038335768828 0.0517674718477025 -0.0537637958529778 0.0554801436253223 0.0406460219831876 -0.127192075990674 0.0659740416201043 -0.032494830585904 
-0.0725145086951045 0.0715772559948498 0.141978967644202 0.0128975684623752 0.00936381568565148 0.186086307920356 -0.0755088836395906 0.188351975483323 -0.0146079537909087 0.176925604524783 
-0.0142757748910145 0.135085641369342 0.104116810190861 0.0369615149045086 -0.252539872355384 0.014718775241945 -0.00224871296811986 0.000959899743033869 -0.100936606207558 -0.105741360579167 
0.0391345981713618 0.00386742920365133 0.01030081407828 -0.0338808120648625 0.0738603327444947 -0.036620485623934 0.197290003829494 0.0165106106971528 0.0736372399053006 0.0264723562581801 
0.056282401194444 0.180033356443141 -0.0922204438425071 -0.111431470057672 -0.100536500383744 0.134075273472515 -0.059754966712413 0.11266133104353 0.0353765291157326 0.123808993906831 
-0.103526142755462 -0.15335144983397 -0.0847554993526544 -0.113946060314676 -0.0327122235056748 0.0319229739912316 -0.127906882770762 -0.0519025098238271 0.145828954732682 -0.0241212119899204 
-0.0241007380087426 -0.0819032093638744 0.0480962787079987 0.0166718393394342 0.0796054713695969 -0.0215166815539244 0.127427740403971 -0.131394343174092 0.0510698862715726 0.0265634112102889 
-0.128313075360262 -0.0218576142231516 -0.00136259897038048 -0.00285779667995551 0.142284674431512 -0.0250847852310635 0.0230731991403343 0.0456933297644095 -0.115350295028984 -0.0947779200478338 
0.0440539660594849 -0.155868478577223 0.176241251589125 0.0707030365640765 -0.0207503568845691 -0.050577089236147 -0.0962917699610459 -0.000375343131897473 -0.0177302648181601 0.0944092124417901 
-0.00548499792828838 -0.169337556597913 -0.183464518705163 -0.00701349298826281 0.191866593978899 0.12829152825236 -0.105192361970119 -0.171980688133121 0.0874982906829805 -0.225600215205577 
0.248510468864418 -0.214792592768741 0.0896848702708463 -0.0799342214906152 0.019894887829756 -0.0859731905820346 0.0223522790947757 -0.109606990466633 0.049955855516338 -0.00332664003901241 
0.00266422459729385 -0.0164665846728115 -0.0366523171551224 0.0194814345332061 0.0196483228626338 -0.144993543897601 0.022362034306872 0.0594460397646483 0.0647849493122131 0.176187467351734 
0.118866801783552 -0.0434109495056463 0.0908050928992919 -0.0187384169339848 0.0199995127762687 0.0959560522831478 -0.0453063046606036 0.110557635440343 0.0403869862834134 0.159405526292246 
-0.00255711384897987 -0.0994037386699794 0.0153799045100598 0.0259553892763426 0.105910150771693 -0.042915099372371 0.0936512949092779 -0.085522487105938 -0.0664226627849465 -0.122890953727682 
-0.109399777187951 -0.12818611894935 -0.0423012050245054 -0.0929172364672094 0.214825809597845 -0.156501714280347 -0.00638728260929133 -0.0119808256750321 -0.0536746583558904 -0.117006336974062 
0.0557704942380169 0.0929748361042585 0.0533784005957385 -0.0385926588784972 -0.0921948681192545 -0.0391417176135369 -0.292626138205082 -0.0942325356722139 -0.00667056672978748 0.0395872346914442 
0.0834546759815762 -0.021047423825116 -0.10524780873648 -0.0295590071116922 0.0109712110041837 0.0196077169864938 -0.179354930619035 0.0359148270400018 -0.0947565610151728 -0.0082161545423021 
-0.0274525785085315 -0.043579510757796 -0.0591686635590494 0.0158800246258558 -0.131719109937419 0.0526980591986016 0.0538420207448911 0.0108273448895521 0.0286137578773026 -0.069443310916783 
-0.00960017949114085 -0.202348814220624 0.0588985263455798 0.00384409159401355 0.221358915757661 -0.163880736982332 0.0631409142121199 -0.0185994299628923 -0.085233671233434 0.0549080438155334 
0.0485854812540568 -0.039068676804853 0.00345400963154551 -0.0572614078555803 -0.0158426186760727 0.10733459600274 0.0979709170847591 0.055768484736725 0.0885291340024305 0.0340016447492459 
-0.115885786578784 0.141203646996423 0.0216029541952755 -0.0579183773774707 -0.0162243829043374 0.116512863353057 -0.0934479327337499 -0.11265291719295 -0.126596739734433 -0.0332945064773259 
-0.122935766845308 -0.0401269799747207 0.28743495698922 -0.11472295594681 0.108526083622825 -0.0742141142634835 -0.0452661296930919 0.00931152237386141 -0.0300889618352862 0.0362137659114573 
0.0913440681777118 0.0633157306766012 -0.161989961528971 -0.0854208646897038 0.0562749706651641 -0.0626328942494335 -0.0560118398689852 0.0329404092387714 -0.00623253466995214 0.0500708087548551 
0.11085401033554 0.00866335118670133 0.0503340778474149 0.0212519706988891 -0.107183184008789 -0.201827789643645 0.0471891499059852 -0.0170727752255529 -0.133454236857166 -0.0324214338051746 
-0.0448861074115313 0.111520212781105 -0.00246047854465829 0.0629310831943717 -0.114858699722266 -0.0391574194850326 -0.104209434305791 -0.0464122900908599 0.0874153305985443 -0.074610813650189 
-0.0906543117025511 -0.169234912436058 -0.217580381328026 -0.0518999940305293 -0.0261703688247184 -0.0137920811748175 -0.243385775347677 -0.0466119592515166 -0.0272408532660145 0.174651976421223 
0.0637588588557537 -0.0825845471857412 0.108663177130835 -0.0459178911918385 0.146288439598632 0.00769143718312516 -0.0975260462172016 -0.0939203327046692 0.0113024956502104 0.115975840873403 
-0.102158740839603 0.144339704295526 0.1020084519141 0.107911600753922 -0.0340212017510648 -0.132228437553888 0.0393240250267842 0.0912412280410037 -0.0528816713066167 0.229903889648155 
0.0567317749998128 -0.135819569856078 0.0978415364070465 
-0.122583073337448 0.125592539999758 -0.0757938372160452 
0.136396498368292 -0.0289880005342911 0.048925516636711 
0.0123979886286901 -0.0252275541216176 0.0215336894303138 
-0.116518595179384 0.0142749824128766 0.0205353958182396 
0.0408794772564925 0.347789075311678 -0.00915027207788891 
0.0664559290877505 -0.162820500385114 -0.0431678811659384 
0.124656772781518 0.0278997650906692 -0.0411516804333164 
-0.0727996549658569 0.0419788040215632 -0.0681813728283701 
-0.0735702605439589 -0.154413473918944 0.0404046315593518 
