-0.0421705817174393 0.115575312855484 0.0751462322503375 -0.152501732779986 -0.014795486577461 0.217612932926322 -0.158089877807253 -0.117112059736726 -0.173037524519023 0.0475697773013942 
-0.0335889072892806 -0.0944015571446655 0.0633540160610895 0.0272161142717302 -0.1562048343726 -0.0335624503122166 -0.182873824804916 -0.151818741664314 -0.00695694556390321 -0.0165851325182078 
0.082512100180796 -0.199119539817488 -0.0661888419352173 -0.0100885074192256 -0.00873978751424422 0.022348512430184 -0.112257642436952 0.107710587517029 -0.0634114159317074 -0.00333222001649949 
-0.0155868939285711 -0.0940967098097373 -0.0459726303344611 -0.0392959848802111 0.080309435907103 -0.122085759391193 0.166247625004163 -0.0792925436778078 -0.0750543478101318 0.18596621894807 
-0.0252959848210617 0.0906190778829957 -0.0695000342619376 0.106621264755159 0.0139029607860684 -0.104394123052904 -0.119744724641932 0.0693143416240809 -0.19916097487597 -0.00738508618403316 
-0.197773978227295 -0.00311094033502802 0.00391284765446488 -0.00337118421068052 -0.124370184273697 0.0293704136676123 0.0407702006773793 0.126690449247095 -0.105083442578229 -0.115781528845336 
0.0461225995443857 0.146225496141192 0.0351965736121689 -0.0653557423251971 0.0324937843397014 -0.23160229508393 0.104344882529034 0.118056769632285 0.169045798417377 -0.0087952237818027 
-0.0286223210391255 0.0519759682941883 0.0729895458980866 0.0979967982737236 -0.109373906976326 -0.0280733044089741 -0.077599194145244 0.0279875923844184 0.0542035861774888 0.201396503999856 
0.0520896595789737 -0.142727289015166 0.124340204530227 -0.0564858097954734 0.0855730136526123 0.0446166305625765 -0.0887596108098026 0.0278060911701225 -0.0091796680074724 -0.0772277595463506 
0.1539544862606 -0.0731509207765945 -0.0868109016514012 -0.0665610848149175 0.0593135156201011 -0.0598517780681808 -0.0161987178158096 0.0661301696054422 0.0105525259142813 -0.0553831968633987 
-0.0486487435642386 0.0217945992216764 -0.0436368766376581 -0.209809807320138 0.210206919652915 0.0567945872517225 -0.159301066138235 0.108616918245355 -0.0548325965353636 0.0364729103399185 
0.0917028414380792 0.108575758095224 -0.0710663911971686 0.112119429298353 0.149954450930586 -0.186631756288921 0.0419371126226339 0.0555240783981984 -0.279025552495887 0.0278181624645595 
-0.0501203488724525 -0.294570414131758 0.0309400899093398 0.132340439322215 -0.0250551777178172 -0.145833901407525 -0.182213445470961 -0.124350209563342 -0.102731746230884 -0.0211249526235409 
0.09958189686458 -0.0850031971533174 0.0332245517481939 -0.0246686140851642 0.0482033033979632 0.00106332380838989 -0.0119139153224354 0.170365259186378 -0.0357069304675459 0.0157481416339795 
0.0927664567382477 -0.0285316118991722 -0.0562013525626518 -0.144427490341351 0.018218011680924 0.00300697633596405 0.0147636825317912 0.0866045081802538 0.0154415430721178 -0.0382538600289407 
-0.0416712377729843 -0.0939996952562883 -0.0925955386208457 -0.0511750106577303 -0.209413941039932 -0.136575152200218 0.183533066774088 0.0269737780379777 0.0385469313812293 -0.0281814835309765 
0.189001175914857 0.0493386432828739 0.130069067791305 0.0471646860530851 0.127083977109971 -0.164901064596497 0.0701756388320555 -0.0537083437231628 0.0676997697684865 -0.0618259974989889 
-0.104768107885465 -0.0897314322149783 -0.0231726768917568 -0.0281946958543262 0.0935322901659312 -0.114307023568549 0.0740500187844946 0.119524419716124 -0.0404610310218206 0.0351534855910528 
-0.12259169765889 0.0805979012653985 -0.00194750789761125 0.146975444330066 0.10928412752793 -0.0591879497762038 -0.029614081220454 0.0723134853952977 -0.045878617963193 0.0153215425289581 
0.186677519362414 0.232450099520936 -0.0157608186671739 0.237004729089517 0.0490920999539086 -0.0771643341970125 -0.304630019543414 0.0734925579706852 -0.242583697364514 0.00808905297678679 
0.0757589388247422 0.0840314594061364 0.210540221157757 0.0392986260224094 -0.134526946752054 -0.167608439128132 -0.0249659738779404 -0.0405581062492439 0.0292348469896106 -0.0382471299846639 
0.117149067016786 -0.0777692758187358 0.166605346648749 0.0325045457222437 0.0601500866226978 0.0263377294409967 0.191357544152613 0.187399853738656 0.0560768209314871 0.0498650514302172 
-0.00421138686109686 -0.0140866473680428 0.0834429857230331 0.0301202700136957 -0.0249292066899714 -0.129358844175403 0.00288897815231417 0.0230846294872896 0.0407475621615902 -0.164470496002863 
-0.0571526336353401 0.0315268320789209 0.0312329772029069 -0.123945996294099 0.166737287030391 -0.0477553964746613 -0.0533533394066385 -0.0509303547091536 0.091219483021956 0.00101098020130982 
0.0308297174063768 0.0125124173320186 0.0603985106667567 0.0784871950643325 0.0514764328274555 -0.0349014680034587 -0.0270104238215393 0.109371709219659 0.0131866049346185 -0.154070568199473 
-0.043910834359766 -0.0277320890824775 0.0078792808694602 -0.0938790708317391 -0.125239413216292 -0.0964801329903808 0.0139918246846868 -0.325122952895153 0.0119367362460011 -0.0977612980280694 
-0.0235643099710921 0.0629660031486318 0.120045690756955 -0.0684940122030814 -0.122085440769282 -0.00727058410790688 0.00149862696045828 -0.124355196166491 0.18706317158498 0.0019566218688956 
0.0642774006714857 -0.0925386965812943 -0.0943649363486053 0.0486724494537682 0.140368612497091 -0.110886077876964 0.169411989603013 0.140803894237932 0.0309398398331895 -0.168232107801412 
0.0276420156769741 0.0431744909453002 0.143555766336863 
0.173789202260818 0.0739570425352217 0.147214968194578 
0.041837717200846 -0.143885861223355 0.0295050220745319 
0.115057601301835 0.136849654158751 -0.0786784937969455 
0.0412850365189242 0.0293934649296161 0.172210168928044 
-0.118897757854904 -0.0879471079096611 0.0388202543363788 
0.023425580081253 -0.0746538691699257 0.0394621849264245 
0.0661761380395031 0.248154552218045 0.154828174907775 
-0.0526576332745045 0.0531505434852357 -0.00507434873274822 
0.142669580213056 0.00949140532547687 0.0922581277704658 
