1.4866709247144 -3.22952519884839 -6.93208043386227 -6.33968574729122 6.19565184507448 -8.76396352780098 6.10985536152886 0.541704753022014 2.36333011684276 -3.42856712362247 
-15.8516899271005 -0.69369117804217 4.96998369495491 -0.182340712021777 -3.18528254465761 -3.10113484623125 -3.29705100347418 4.59619198347325 -5.27164731330986 -7.82867555656835 
-0.66764362174431 7.08979659725236 7.37300784038071 -6.05947756060877 -1.90915707084416 -0.249224679979717 -0.375532423828916 6.7755047199218 -2.2254747774754 6.15379935541625 
1.71637214863271 5.87523453477097 -4.44855586851198 4.65467863273131 -0.0966212469163002 -2.34456222835356 -4.51466466220371 0.700156868419775 1.17322337085128 -8.96885992589655 
-5.03564888969104 7.12498089341149 -1.31888095028636 0.0833205652769769 -1.44099145982388 -1.86733092685574 -9.57159799711825 8.10680150005136 -1.30598712930083 -5.47266086551996 
8.05899749389748 1.23353066361224 2.25209176092181 0.911576416573188 2.12082054079937 -6.7479566896152 2.76607666421471 -7.04568514342473 -6.93605231084624 1.15140095943489 
-1.93311725328754 -0.930037707275348 5.95820628370394 -7.96335488218091 -6.30240365651361 0.272781095603843 -4.66479947556836 5.54280357090586 2.46185769553201 1.2633601722538 
5.26307421744924 -5.56019475633537 -7.30779079839148 11.6751701026624 -4.13088974619507 9.24397519822336 4.87684370767908 -3.92274454942498 -5.33380682672296 5.37920018488065 
15.0728867992358 0.733461542160087 -0.405199197120243 5.28342773790683 -1.47436352616148 3.30805150397827 3.42536011397481 -2.59905732688239 0.0630411105235718 -0.571715776493445 
2.49286702941451 -6.09434695021175 -1.90505939723975 1.05127765309647 -0.609624445360343 -1.09980951955274 0.581962573546414 4.0844019561992 0.825534134159506 -4.11036284676586 
-1.36437099942044 -0.798149349700819 -10.1199034426528 2.04851124974106 -4.4435349112843 2.04363009342294 -0.622584739536648 3.24168385447192 5.12740008722466 3.48296676597611 
-7.42483934855894 2.70859469375171 8.79025726129993 1.83024843443758 0.285856280504607 3.0093355052596 0.789330717971848 2.46125049304483 4.15692000790085 -6.03066214518089 
-3.9100067499345 2.25402461758942 0.125110630268197 -2.29638856716281 7.71558704130144 4.91991711349927 6.20236964670208 8.47732443868087 -3.80004796604027 -7.97139106573172 
0.324970492731172 -0.673790951568036 -3.06242608786354 6.20747134595461 2.56590497755208 -4.38269061379213 -1.42048969768024 -7.7044158358112 6.31411281744981 -1.71694230953645 
-2.20332952989827 7.35159514955299 6.9389862169173 10.9548753667456 -11.0591092236571 10.5721498930986 1.8181616128645 -8.55100591357965 1.28224499032414 -8.83521925326637 
3.08524329659139 7.14601831085024 -4.09140234015126 7.47553233550654 -7.70996999609803 9.16909233375175 2.81583187283529 2.49574690934801 -3.05070855014737 2.42604182033084 
0.805329588486361 -10.0133435572171 -1.76591076249895 -5.85933209212179 -5.05591178878276 5.21760117934841 9.37502393660182 2.39278439650518 -9.82685760099761 -1.11172376607527 
14.9609568006282 -4.66848388905523 -1.83910558482922 -9.98974758525269 0.299971320261297 5.69751743753167 -1.81578669084439 8.65298771449827 2.61656913695521 4.88797159836355 
5.18434613240536 6.53334951074836 -0.227349121234914 -2.91728786259104 -4.88178514430828 -5.87225732150222 3.1686764256081 -1.93791714378953 -1.88816173893645 -2.08963900439935 
4.50743123223956 8.24522561032597 11.9862515671429 -2.19096491709526 -4.83774264057678 4.21738051370818 1.20596607774338 0.588033988727077 2.98004213780269 2.60428803844258 
-1.17951715507198 -6.51558032999383 1.7718636513558 2.93580695308658 -2.03424626483334 5.81563064647702 -2.41062530023121 3.45029366504847 8.17047414519243 4.70058547684856 
5.41780717858718 2.06224260910516 0.59607977956258 3.22716984485889 -8.43747005241396 -1.30444517710181 -9.82042736936333 5.60648807562608 -2.57761369284957 -2.82024618559273 
0.507877462181885 3.50438075700614 6.48675010408413 -11.176187270979 1.10565444864428 6.48883344479802 0.526028989096513 -0.666346470798902 -4.85318245582293 -1.1104806865811 
3.57396519902143 -3.46891324357191 -2.31553521795123 2.6586482674128 6.74182845192278 7.48641329328062 -4.46916334112754 6.61473288481985 5.63064769229968 -1.67172745363373 
-0.913461838032954 -5.00956747848735 5.77351362401719 6.11448368294861 2.06447503748119 1.81346962578777 -5.79862140922843 -0.994943220805169 -1.96527007434877 2.469190013925 
-0.666366889747948 1.90572738789371 -0.0513994817653094 0.26264229791897 3.66501291842215 6.68437489396405 3.86379868620606 -1.78012840790758 -0.045798154148747 -5.57206355710374 
-11.0718092350616 2.7966948920098 1.92407457050082 1.88721404108978 -7.01997459396148 -4.9860972303818 -1.65523380200989 -4.05926856523431 1.68881399298311 0.173714857456238 
9.19235464348952 4.72456148957006 -5.32600281853248 2.4749598726084 -0.323497134073888 1.39479314647379 4.05719100452725 -1.87495720141396 5.41128436911866 -3.63467917093256 
1.78321839951952 3.56393104624894 -4.47219132105551 
-1.0587761986189 -0.981268499933062 -10.8020361037072 
-2.45464328331098 -2.67704243710144 1.39755819634116 
7.80504520204509 1.28473705546873 -7.34285105681021E-05 
-5.61391133847545 6.51459529621692 -2.6296438572742 
1.895349744932 4.74915370909096 2.29974168712578 
4.70422992494616 -11.6438195635476 4.08490620951277 
4.42652278705853 -0.485637271497358 -3.83417496480687 
-0.74760926353088 2.95614636566669 9.24951316380792 
0.716345827859138 6.58167364172921 -4.35875931838899 
