-4.61980277990381 2.19426767819264 4.29046170759712 5.33872252077061 -9.04870683259709 -2.90730033656356 5.67615781937998 2.80004527651235 -0.397760131631807 1.31671180915809 
-11.0798203139623 -4.04328670949771 -8.15776301055083 -3.37581820326389 10.8760848502311 -0.636194793497414 5.63977973456856 -2.59926744162857 1.27493350998843 3.4244798639824 
5.58847690117827 -3.20633721167818 -7.51941232246843 -4.2329762564762 -4.63363310656862 5.64517397202034 -8.65078153667101 -9.83132150149458 2.44619497492845 -3.30989681242981 
-1.19815785286137 -5.8705669926001 3.2378461756864 -2.97256967616185 0.0844622408040889 -1.76115874443756 -1.47617536650089 -5.67783969151244 -3.37820100015967 2.27347637034747 
-0.821764865931422 1.31622886197263 0.984463931917639 9.34094905895456 -3.10422705859862 -15.7970353125705 -5.53140822486687 -2.07669826618993 2.13377891704044 4.3720351386741 
-8.41234115461089 -11.7522868016149 -1.87581619708301 -3.61261494581443 -5.98710723740973 -4.00012488765461 -6.71058584132998 2.42345807847114 -9.77953442084466 -8.41205803954005 
-3.64557514584075 -4.30979457131389 -1.36294020482815 -1.26866060716713 -2.02288839884103 -5.2384214826046 3.67678585566649 3.18133876081547 4.09776938093856 7.91128527616123 
2.083655226969 10.8588952173326 1.663394532071 -4.38115033975336 -2.37615226217998 3.72330289516245 2.36645378835655 -0.91332064085907 -6.72730269424612 -8.77020875053339 
0.961865820433745 -1.22680334691575 8.276154190736 4.30418774335359 3.36394716877818 2.91511586680194 2.39512245035578 -1.18367170949609 -7.72111183467072 4.2928799627006 
-0.439481002097205 4.4438916475124 1.28800560519699 -12.8578321951179 0.154866207984207 2.63065146721741 -0.93485037535761 5.53919032551362 -3.4358816795896 -8.51322042974384 
0.412889408140165 -8.39795908721014 -2.45539776613076 2.92794379289581 -1.60271578020752 5.15473400400033 -0.293667479379257 -2.63823202386365 -8.78710703677924 2.67265895592477 
-0.359524989822408 0.368578375513059 8.86555259230744 7.9357960194516 5.80786808863765 -13.2884271484365 5.92960087433984 -1.30370647254786 -0.445181704826004 0.00956942026812956 
9.50293618663069 -8.11352940070955 -0.107955928903575 -4.77746244049061 1.61757718618762 -4.59431829636532 -3.03613506000872 -1.86316252023248 1.59465219850495 1.11082222625279 
-2.76402676572916 4.22783471875244 6.98597131141699 8.24335099707975 -3.07019011379412 -2.94708835925744 1.64809609728967 -0.206230121600655 1.0586142712751 -0.0708272777220419 
0.0598994438029807 8.1570996793864 5.05813365937312 6.6289088999665 1.50373980610139 -6.15450107903915 5.63047894858155 -5.70701872721235 -8.79716241453841 -0.509404094589599 
3.12605008383082 12.3000442000937 2.19958090458 0.280058099025236 -4.32922665489657 -8.24445282140096 -2.03220787349257 -0.582828624374462 -1.26840284002592 -3.22737929467029 
2.83768995500771 -7.38535568821633 -1.6740676609118 -5.50001502499008 -4.50625569273729 -5.00996501204189 -1.24659075970377 4.50896770216332 -2.02887329558917 -3.87246068453638 
1.24756621189373 2.46255331836953 -2.89386643449077 -2.74301822028541 -2.01670766915863 7.29808502033733 6.01116281916009 -5.03763056348109 2.02836754069645 0.586234743851534 
-5.88288355721792 -2.18052829931661 -11.2402235109119 6.22309627841156 0.229973019191955 0.47660130238034 5.61048716790846 -5.15390176906176 6.25486235485361 4.4734615763091 
1.03377670059383 2.33347482398641 -5.7150183534623 -12.8511183186725 -1.50704967862397 -7.99041232000869 6.6153305764998 -2.44416332977252 1.61772490342991 -2.62226002975895 
4.432493140245 5.75260101720135 -5.13595488324994 -4.3872863084162 -4.56558223061264 1.30027895949689 8.14645529736571 -6.60043634571855 -3.52449590195357 -0.542997609942338 
2.79192226064214 -3.54258083843252 1.34180685669139 3.82422836556276 -3.65661572614681 -1.66777222340852 0.853908024355732 -5.48372415525448 -3.80687192669257 -3.08297790056654 
3.95869430350794 11.3828887253214 -1.64360186588723 -2.00947295891739 3.32870503440284 -2.50899901983895 -3.90944999717738 0.356595216988212 -2.43284915098525 -10.5960754861124 
-2.70393224851041 -1.42782598953682 3.15305605525644 -9.80265594921772 -0.412511656062853 -2.99271753639871 -0.776931666476317 -0.138654919189416 2.20800721813414 1.82771357376782 
-8.44359859205814 -3.2502408146569 6.44971749160264 -2.18783770465934 -1.52863537708786 2.42966103796604 10.6232991311637 0.96164825582303 1.54443778960566 -3.26369061851718 
-6.38877825579776 6.82638778385404 1.11614717108407 -2.48061506202027 -1.55358996355248 5.58468322128714 1.32012794120571 2.56817891174545 -2.8850211286961 5.84890706734073 
-2.09582625889472 -6.81111933271669 0.729350130062546 -4.13471712531785 -1.54189402884304 -1.01048306827195 2.63479536125727 -0.504107378459085 -2.57331893573932 6.27317535003936 
-4.31388761849833 -6.39810587176916 12.7790509394893 0.996294073319858 -11.1732931068312 -2.25622795463948 2.51170727115066 4.61428836609727 0.350171753020954 -2.24645353215029 
-5.94389801551294 5.70857893656764 -3.39515352190029 
2.27628869847157 -7.44331425047252 0.945141393874671 
2.93856962242332 -9.80158885540238 -1.13260597127153 
-9.58132857485132 1.68887503261674 -7.69672149068055 
4.34951269774858 -0.297171599763052 0.0255099197586923 
-9.26749823499357 2.26350563793866 9.29532761085294 
0.257857752265357 3.13349814778265 6.31364263665378 
6.1579820606839 -2.43480632948224 2.80412631432078 
2.29883454793515 -1.47794335832548 8.46706852131812 
-1.66366015466038 5.43623577027318 10.4546931448454 
