0.00977385161793993 -0.139873246136026 0.0746342383074182 -0.0299877446862493 0.277331011704079 -0.155666017883838 -0.140915727817099 0.108826161027205 -0.0622032788717743 -0.0268083574630355 
-0.0426629965811394 -0.00792700066285659 0.0236419095496405 0.140198914919836 0.0196899269239984 -0.11417248440135 -0.0906544545212563 -0.00213698218591188 0.0819006148509026 0.0765384371378202 
-0.185077876669361 -0.0922153667139957 -0.0176684969226921 -0.165138074780695 0.0807432042701159 0.00618934094595057 -0.0795803237960276 0.173713813650382 0.0104541834423911 0.00887431413774286 
-0.0755765267912008 -0.105425395436436 0.209164085847136 0.0409610479014704 -0.166802835368366 -0.171299336523279 0.119598407443873 0.111952576636518 0.175023999230006 0.0809508837275645 
-0.0948055752585116 -0.0648522797486358 -0.0519787648066009 -0.134353386494882 -0.0517853978854409 0.193650233756916 -0.135213429083979 0.0120544297527661 0.0704105458980516 -0.0620248194404823 
-0.0175240293932104 0.151984919589982 0.102827772816571 -0.0570757979955066 -0.00110702972381732 0.00941684331856476 -0.0870047804633037 -0.0138191419409287 0.0360930859169234 -0.116563784891119 
0.0888843909277775 0.111356451748713 0.0215651936989231 -0.0424316372798736 0.0958649511558229 0.10360076532875 -0.10804330762006 -0.0062225404965851 -0.00159040458873195 0.0275634184575621 
-0.0109427798420537 0.111616171162937 -0.142007112411023 -0.188231863319874 0.247651340657647 -0.142939870014299 0.109568578091656 0.120714948966806 0.0472767408993684 0.0140947207147699 
-0.167602760976503 -0.0344187715904292 0.0585284086026573 -0.0102208867803894 0.0257519451281011 -0.0852049587383182 -0.0463725921284079 0.0275578060122348 -0.0798352701484691 0.0485102032529986 
-0.0750948023583859 -0.0381991445570009 -0.0332508860858372 0.0622809252591988 0.13484735399104 -0.0153983064412898 -0.0696683053732352 0.0375937146645346 0.0083535240298201 0.0689567891579257 
0.136995731702251 -0.0612952521621698 0.0328715927749486 0.0142981836201605 0.0401982125964822 0.0272550197963513 -0.101716977626923 -0.163679672017831 0.0098712603138894 0.0598874353622634 
0.0982227980532262 0.0398185391398402 0.0013930854361459 -0.109633298291183 0.0081997500204939 -0.115615164170951 -0.105272666512544 0.0592267094665778 0.00146039547454509 0.156005715419562 
0.0650278427319424 -0.0984158204576044 -0.0482667147620631 0.0251644483762268 -0.294215177329287 -0.0814615281391122 -0.00951245056490469 0.0264074678531763 -0.02913853874045 -0.164046912955569 
0.0590707029983948 0.0368918773254935 -0.0547317221986997 0.0345028679508598 -0.0423483307335478 0.0211346052847276 0.00642666745508541 -0.0245964779635503 0.0783207338949079 0.0285186910161284 
-0.172079469376395 0.0570795544387081 0.0431788503065044 0.0160611821727016 -0.0240914772275945 -0.165096558750553 -0.0775259879464621 0.114308043584175 0.0341372316524762 -0.235025503615204 
0.0201231004971222 -0.0602358980870773 -0.0893143986774264 0.0307265283830205 0.0763601133527587 0.00532597424499985 0.0434834737526239 -0.0820334404148313 0.0608079325495186 -0.0149877419034746 
-0.133328962825975 0.0860823202362918 -0.0209600363459606 0.0186597689111975 0.0244615766156584 0.234438154914703 0.0586428673945716 -0.0200419945126102 -0.00749544572533904 0.0296132972945514 
-0.0185006746275832 -0.1016182613696 0.05999629910776 -0.0494949707272917 -0.0433093063426143 -0.00488904577296987 0.011523877559968 -0.0135843316056489 -0.0199435089830725 0.0268274376331743 
0.0605343847433597 -0.0315087985107344 -0.0914999057365417 0.0172635190272797 0.0445664893426411 -0.136034230712404 0.128244874201091 0.0514351440278805 0.0786543778817614 0.152761502323025 
-0.0169294372495097 -0.0383734553461833 -0.153313899371152 -0.0920545024528613 0.186643314540466 -0.0388825145359874 -0.0355092646886061 0.0387152884955392 0.0220679158547593 -0.247964626187241 
0.0361839103887773 -0.147022544936946 0.27072046195369 -0.179170972835465 0.0374142220798769 -0.0194645649457008 0.0529410424074163 -0.107426789140296 -0.0312313945470383 0.0518661460902881 
0.0120389559873328 -0.146953411313621 -0.0824732588895113 0.00618519078688831 -0.00934639307025672 -0.0336558428725575 0.14082811480846 -0.202037271408527 -0.0703719086068768 0.111530218055864 
0.0396997719350266 -0.266911662768553 0.125792647563768 -0.0440249038617113 0.0179128803932043 0.112056701370316 -0.0295063893906603 0.0281328358816654 0.0863842446768338 0.091212986472292 
-0.140031354756628 0.0755539273175091 -0.119495721620781 0.00355675928695642 0.0389940385220274 0.019929963497681 -0.066517035358664 -0.0744531552306875 0.00792332715528319 -0.0440965037101773 
-0.0115719556338406 -0.0437947205671911 0.130451281621303 -0.0362473629974074 0.0378118866251447 0.0363104017935745 0.0641770914842025 0.125773724140884 0.0651460024699536 -0.19917445725367 
0.113131874854117 -0.042098114040979 -0.00276332958600138 -0.0874626111741444 0.0448801015012102 0.0267592394148535 0.13991415286825 0.0412106047566317 0.0346751823843191 0.0173202676362614 
-0.0244943930099543 0.0108927710734288 -0.0123505501017645 0.0357844719096787 -0.102883687185707 0.00070059557489691 0.11880135358951 -0.0610979211056723 -0.168424123231966 0.185394249114053 
-0.125298124018484 -0.00680259103166298 -0.0801938186057746 -0.178342544720382 -0.152099769175558 -0.0532087637551248 0.0509528649401731 -0.106203978102762 -0.0362597180979925 -0.0300208878922478 
-0.0339301765270761 -0.0922044329330294 0.159967254636333 
-0.16562643778269 -0.079130537602508 0.0434292468916099 
0.137476866961723 0.154027272952771 0.0238960413494217 
0.0888077102707255 -0.0454441388807506 -0.0924943182829511 
-0.0294168825646673 0.0674416214089964 -0.104359281522344 
-0.0648734648071279 0.123047050297575 0.134249798358723 
-0.0750392717291383 0.124851483359723 -0.0891303739183826 
-0.150724740596777 -0.0824354398284537 -0.0881267064531605 
-0.0825400348891903 -0.0710233618290377 0.166956998467009 
0.177695552512095 0.00800427249593204 -0.121625883800805 
