-5.8526973071679 -11.282042121181 -1.45262918359969 1.59904117345886 -0.363623335055235 -6.92171579111095 0.354319768125343 0.323885892653582 0.624779469973537 -3.5075100876145 
1.32723005555418 6.52785525310927 1.94454726368108 0.170567918741306 1.4583913669318 10.1745872645872 6.97433283195851 -0.0743639344742988 11.7526932384149 1.76687240901991 
2.91495592107864 3.81940906339526 -4.83685940707874 -0.998468336538929 -0.429782112465256 6.95534959273752 0.668366445373224 4.68945793790804 -6.29210429096971 -9.2929389383128 
2.87340277888686 -4.54227843317159 -8.10915810224448 -7.75909514526075 -2.9832097377512 4.90665271894027 3.7735120575462 0.792693054879582 3.42355049682677 -3.63698597633984 
-10.1496440250056 -5.83438473037433 -3.61984717186962 -10.4424897474469 -8.31298015921974 7.73975318937594 3.31550760654023 3.90255639317602 -1.20457968599567 4.00314542511717 
-7.14457639142675 2.97352291365505 -4.23822899045054 2.4523878534494 -3.54988969008653 -2.33355294855527 5.042089276192 5.18589763003496 1.50999836173014 -3.20810945746542 
-7.50816065422126 -7.36556743262871 2.73784000273654 4.0569744810144 -1.82182041197025 4.08627109928878 -3.87685058874953 -0.408759849239783 12.0180926896209 9.77191879305704 
-1.9613093098475 -5.56718426822628 -3.79065108896341 -0.659520024349063 -3.91288042378201 2.42882102122519 -1.65836876875098 5.23461502794148 -4.04064302515542 -0.459148609790068 
-4.40182387695598 5.36777716886985 5.95636300014832 -3.602750338701 -1.44585710107664 5.94655283178515 -2.97808224466736 -2.75280324495899 -1.73411499715859 8.96503542448271 
-10.5984870175268 -1.90805883066829 -3.25491880462307 -0.281888667946217 -2.21387777466642 3.75384077483531 5.26059947965642 -3.56627474755048 -4.81204919321579 -1.82275746560189 
1.46238053100836 -1.61284960561133 2.87914048483011 6.05817401651495 -5.07655115190283 6.06071210009572 -6.30635370237475 -0.0439624358745462 0.71931131318705 -5.02677822807855 
5.03531011096856 1.99410471956803 -9.20778123322169 -4.29287312776825 -1.90409505005665 1.24421331181035 -0.1522324388004 -1.66390614012093 -0.34027998421958 -10.0303260415818 
-0.813642303615124 3.09818667328384 1.16129988541352 2.28070467991438 10.7711835540723 -6.20326777852976 0.906664231073786 4.97387110518962 9.17691080544544 -0.248249816575542 
0.434374116616778 1.89777583226615 2.51750093969467 1.39796998676889 0.937563495312482 -6.05697572392317 1.61239822057655 1.06747970128357 -8.29385847077856 -3.50980792507968 
4.01722560452165 -5.68507574930857 -6.10411433678881 -7.85267666474404 -4.51393278553791 0.268854321010896 -8.37594315760084 1.29790651107273 1.62667782641106 -1.96687027497353 
2.32842435059839 2.38551552368446 -4.40681612250878 4.50736532140799 6.49403479404021 8.26504884873726 -2.29940181153111 8.2417518924639 -3.64329450449842 -9.79573359497052 
8.71609338334458 -0.472520229547993 4.3171344072624 -0.199634372183615 -3.64311199473926 3.69032497882151 3.4035126620776 3.8966777951549 3.43441992849126 -1.5223360143283 
-4.62302804473054 -3.71023553315212 -5.75756680568838 6.93913878234696 10.7752437236848 -1.01300178271903 -0.678194377752667 -8.28197962795721 3.09641779679705 1.84306135564179 
-1.12570465747315 7.14930750553332 -0.214796359903462 -5.18808303402396 4.86767923642221 9.97687404239688 -5.45114314181724 -3.27029302514195 0.483053780759146 -3.33623369139824 
-6.41230974528713 -0.699569732896266 -6.13424017055277 2.02104517225083 0.605887486625534 -1.54904865168325 0.431622126988874 2.63205797090925 -3.46172639775307 -0.887014681276577 
-1.72924503601798 7.51829366777468 1.80647546516588 2.73108113626452 -0.396351442895949 -2.14524607288742 -2.76365385499091 7.47280127930667 -10.3919961037571 -4.91318501500806 
-5.53402920863829 -3.25627074327021 -3.19986516560278 0.604790929592327 0.909949023994959 2.43299220961151 17.2059078920117 -14.3134564564332 -2.28978466381996 8.80110497672381 
2.97409471061552 -2.95129286046118 3.80464883849966 8.7409834926244 6.98962576029869 -4.42117451868654 -3.50426958426996 1.18449521959325 2.79105911712073 7.70962790195257 
2.50552887462914 10.6846183301328 -2.57188166927161 -1.50069994581919 8.08079245418005 -5.52720584096868 6.00948086027618 2.09477096503239 4.91476166351568 0.395756836573091 
-8.08725164287687 -1.30026213840019 -1.2169003619273 -12.2982615425951 6.6212726405057 0.241057586030784 0.706323011689404 -10.0323615616099 0.300745029511677 6.33045576430551 
-2.74518789096195 6.18031733818307 7.75092360069777 1.45362593206327 3.47358984679568 -12.0219244024251 -1.45366637746888 1.75333226793787 2.75637375332314 8.59393358665 
4.7717509559997 -0.124550610726573 4.4214066768701 3.8176820909864 1.76661095408632 5.78417353117078 -4.27246040840132 1.02494847140206 1.59500603391635 -0.305219900561568 
-0.949730506072941 4.86027215426285 6.08488784466627 -2.78388898455496 -2.49525198663894 -2.18878637818557 5.32148313427748 3.95214507984464 -7.40726096432105 2.25215157486514 
-5.40987764905016 5.86905227817407 1.19240430062634 
-1.54269185539588 0.52788196300576 -1.38520408112763 
4.22538103093575 -0.100047982941442 2.61100179312235 
7.13101974025682 -1.6754061357879 -2.63592943481042 
-6.06078866158664 -4.18020606402598 -1.29098548214523 
-12.280698677982 6.88637181763816 2.32160800463018 
5.09090990817322 -8.68261480645346 4.74875090158377 
3.41941483791837 12.1652213346603 -3.25919338591927 
6.24539290532414 -10.4904570268386 1.10477108802617 
4.53066702253305 -5.01024324121892 4.0285861272405 
